{
 "cells": [
  {
   "attachments": {},
   "cell_type": "markdown",
   "metadata": {},
   "source": [
    "<h1><center>Spotify Classification Dashboard and Model Analysis</center></h1>\n",
    "<h3><center>By Piero Trujillo</center></h3>"
   ]
  },
  {
   "attachments": {},
   "cell_type": "markdown",
   "metadata": {},
   "source": [
    "## Introduction\n",
    "\n",
    "In this project, my friend Nirvit and I shared our 2023 Spotify Wrapped playlists so we could visualize comparisons between our music tastes and then create a model to try and predict whose playlist a song belongs to. Finally, I have compiled the results of each model into an interactive dashboard using [Panel](https://panel.holoviz.org/). \n",
    "\n",
    "This blog post will have the following sections:\n",
    "\n",
    "* Setup and Preprocessing\n",
    "\n",
    "* Exploratory Data Analysis for Feature Selection\n",
    "\n",
    "* Prepping Data For Machine Learning Models\n",
    "\n",
    "* Creating Machine Learning Models\n",
    "\n",
    "* Panel Dashboard\n",
    "\n",
    "* Final thoughts \n",
    "\n",
    "Now, let’s dive into the exciting world of music data analysis!\n",
    "\n",
    "### Understanding our Spotify Dataset\n",
    "\n",
    "**Track Metadata**\n",
    "| column | description |\n",
    "| --- | --- |\n",
    "| Song | Song title |\n",
    "| Artist | Song artist |\n",
    "| Genre | Song genre category |\n",
    "\n",
    "**Audio Numerical Quantitive Data**\n",
    "| column | description |\n",
    "| --- | --- |\n",
    "| Loud | How loud a song is (db) |\n",
    "| Time Seconds | Duration of the song in seconds |\n",
    "| BPM | Average song tempo / how fast a song is |\n",
    "\n",
    "**Audio Qualitative Data**\n",
    "| column | description |\n",
    "| --- | --- |\n",
    "| Energy | How energetic the song is |\n",
    "| Dance | How easy the song is to dance to |\n",
    "| Happy | How positive the mood of the song is |\n",
    "| Acoustic | How acoustic sounding the song is |\n",
    "| Speech | How much of a song is spoken word |\n",
    "| Popularity |  How popular a song is (at time of data collection) |\n",
    "| Live | How likely the song is a live recording (higher value = live recording) |\n",
    "| Instrumental | Measures if the song is more music and less vocals |\n",
    "\n",
    "\n",
    "**Audio Categorical Data**\n",
    "| column | description |\n",
    "| --- | --- |\n",
    "| Key | The most repeated key in the song |\n",
    "| Time Signature | Numerical representation of rhythmic structure in song |\n",
    "| Camelot | Musical key of a song for harmonic mixing |\n",
    "| Playlist Owner | Who's playlist the song belongs to |\n",
    "\n",
    "\n",
    "[**Gather Your Own Spotify Dataset**](https://www.chosic.com/spotify-playlist-analyzer/?plid=37i9dQZF1Fa1IIVtEpGUcU)\n"
   ]
  },
  {
   "attachments": {},
   "cell_type": "markdown",
   "metadata": {},
   "source": [
    "## Setup and Preprocessing"
   ]
  },
  {
   "cell_type": "code",
   "execution_count": 1,
   "metadata": {},
   "outputs": [],
   "source": [
    "import pandas as pd\n",
    "import seaborn as sns\n",
    "import matplotlib.pyplot as plt\n",
    "import numpy as np\n",
    "\n",
    "# Read in csv file to create tabular dataframe \n",
    "piero_top_songs = pd.read_csv(\"/Users/piero/Downloads/Spotify_Project/Piero_Top_Songs_2023.csv\") \n",
    "nirvit_top_songs = pd.read_csv(\"/Users/piero/Downloads/Spotify_Project/Nirvit_Top_Songs_2023.csv\") \n",
    "\n",
    "# Add a truth column to classify whether a song is from Piero's or Nirvit's playlist\n",
    "piero_top_songs['Playlist Owner'] = 'Piero'\n",
    "nirvit_top_songs['Playlist Owner'] = 'Nirvit'\n",
    "\n",
    "# Convert time to seconds\n",
    "piero_top_songs['Time Seconds'] = pd.to_timedelta('00:' + piero_top_songs['Time']).dt.total_seconds().astype(int)\n",
    "nirvit_top_songs['Time Seconds'] = pd.to_timedelta('00:' + nirvit_top_songs['Time']).dt.total_seconds().astype(int)\n",
    "\n",
    "# Remove unnecessary columns\n",
    "piero_top_songs = piero_top_songs.drop(columns=['Song Preview', 'Spotify Track Img', 'Album Label', 'Spotify Track Id', 'Added At', 'Spotify Track Id', '#', 'Album', 'Album Date', 'Time'])\n",
    "nirvit_top_songs = nirvit_top_songs.drop(columns=['Song Preview', 'Spotify Track Img', 'Album Label', 'Spotify Track Id', 'Added At', 'Spotify Track Id', '#', 'Album', 'Album Date', 'Time'])\n",
    "\n",
    "# Join playlists into one dataframe\n",
    "all_songs = pd.concat([piero_top_songs, nirvit_top_songs])\n",
    "\n",
    "# Convert all object columns to type string\n",
    "object_columns = all_songs.select_dtypes(include=['object']).columns # First, create list of object columns to convert\n",
    "all_songs[object_columns] = all_songs[object_columns].astype('string')\n",
    "\n",
    "#print(all_songs.dtypes) # Check that column types have been converted to string"
   ]
  },
  {
   "cell_type": "code",
   "execution_count": 2,
   "metadata": {},
   "outputs": [],
   "source": [
    "# Check for null values\n",
    "all_songs.isnull().sum().sum() # 9 NaN values in 'Genres' and 'Parent Genres' columns\n",
    "\n",
    "# Create dataframe of songs containing NaN values in either 'Genres' or 'Parent Genres'\n",
    "nan_rows = all_songs[(all_songs['Genres'].isnull()) | (all_songs['Parent Genres'].isnull())]\n",
    "\n",
    "# Fill NaNs in 'Parent Genres' column with 'Unknown' since I cannot find them on Spotify or Google\n",
    "all_songs[['Genres']] = all_songs[['Genres']].fillna('Unknown')\n",
    "\n",
    "# Populate NaN values in 'Genres' column with genres found on Spotify or Google for specified song and artist\n",
    "all_songs.loc[(all_songs['Song'] == 'Mumbo Sugar') & (all_songs['Artist'] == 'Arc De Soleil'), ['Parent Genres']] = ['R&B, Soul']\n",
    "\n",
    "all_songs.loc[(all_songs['Song'] == 'Give It Back') & (all_songs['Artist'] == 'Gaelle'), ['Parent Genres']] = ['Dance, Electronic']\n",
    "\n",
    "all_songs.loc[(all_songs['Song'] == '愛してる') & (all_songs['Artist'] == \"callin'\"), ['Parent Genres']] = ['Anime, J-Pop']\n",
    "\n",
    "all_songs.loc[(all_songs['Song'] == 'You Are Mine') & (all_songs['Artist'] == 'Jay Robinson'), ['Parent Genres']] = ['Classic Soul']\n",
    "\n",
    "all_songs.loc[(all_songs['Song'] == 'Thank You DubNation! (the page will never be long enough)') & (all_songs['Artist'] == 'herlovebeheadsdaisies'), ['Parent Genres']] = ['Screamo']\n",
    "\n",
    "# Convert categorical variables to factors - allow us to use non-numeric data in statistical modeling\n",
    "object_columns = all_songs.select_dtypes(include=['object']).columns # First, create list of object columns to convert\n",
    "all_songs[object_columns] = all_songs[object_columns].astype('category')"
   ]
  },
  {
   "cell_type": "code",
   "execution_count": 3,
   "metadata": {},
   "outputs": [
    {
     "data": {
      "text/html": [
       "<div>\n",
       "<style scoped>\n",
       "    .dataframe tbody tr th:only-of-type {\n",
       "        vertical-align: middle;\n",
       "    }\n",
       "\n",
       "    .dataframe tbody tr th {\n",
       "        vertical-align: top;\n",
       "    }\n",
       "\n",
       "    .dataframe thead th {\n",
       "        text-align: right;\n",
       "    }\n",
       "</style>\n",
       "<table border=\"1\" class=\"dataframe\">\n",
       "  <thead>\n",
       "    <tr style=\"text-align: right;\">\n",
       "      <th></th>\n",
       "      <th>Song</th>\n",
       "      <th>Artist</th>\n",
       "      <th>Popularity</th>\n",
       "      <th>BPM</th>\n",
       "      <th>Genres</th>\n",
       "      <th>Parent Genres</th>\n",
       "      <th>Dance</th>\n",
       "      <th>Energy</th>\n",
       "      <th>Acoustic</th>\n",
       "      <th>Instrumental</th>\n",
       "      <th>Happy</th>\n",
       "      <th>Speech</th>\n",
       "      <th>Live</th>\n",
       "      <th>Loud</th>\n",
       "      <th>Key</th>\n",
       "      <th>Time Signature</th>\n",
       "      <th>Camelot</th>\n",
       "      <th>Playlist Owner</th>\n",
       "      <th>Time Seconds</th>\n",
       "    </tr>\n",
       "  </thead>\n",
       "  <tbody>\n",
       "  </tbody>\n",
       "</table>\n",
       "</div>"
      ],
      "text/plain": [
       "Empty DataFrame\n",
       "Columns: [Song, Artist, Popularity, BPM, Genres, Parent Genres, Dance, Energy, Acoustic, Instrumental, Happy, Speech, Live, Loud, Key, Time Signature, Camelot, Playlist Owner, Time Seconds]\n",
       "Index: []"
      ]
     },
     "execution_count": 3,
     "metadata": {},
     "output_type": "execute_result"
    }
   ],
   "source": [
    "# Making sure there are no null values left in the dataset\n",
    "nan_rows = all_songs[(all_songs['Genres'].isnull()) | (all_songs['Parent Genres'].isnull())]\n",
    "nan_rows"
   ]
  },
  {
   "cell_type": "code",
   "execution_count": 4,
   "metadata": {},
   "outputs": [
    {
     "name": "stdout",
     "output_type": "stream",
     "text": [
      "Number of unique genres: 17\n"
     ]
    }
   ],
   "source": [
    "# Splitting 'Parent Genres' column since there are so many different genres\n",
    "first_instance = all_songs['Parent Genres'].str.split(',').str[0] # extract first genre element\n",
    "\n",
    "# Assign first instance to new 'Genre' column\n",
    "all_songs['Genre'] = first_instance\n",
    "\n",
    "unique_genres = all_songs['Genre'].unique()\n",
    "num_unique_genres = len(unique_genres)\n",
    "print(\"Number of unique genres:\", num_unique_genres)\n",
    "\n",
    "# Counting unique genres\n",
    "all_songs['Genre'].value_counts() # 17 (now) vs 56 (before)\n",
    "\n",
    "# Remove unnecessary columns\n",
    "all_songs = all_songs.drop(columns=['Parent Genres', 'Genres'])"
   ]
  },
  {
   "cell_type": "code",
   "execution_count": 5,
   "metadata": {},
   "outputs": [
    {
     "name": "stdout",
     "output_type": "stream",
     "text": [
      "Song              string\n",
      "Artist            string\n",
      "Popularity         int64\n",
      "BPM                int64\n",
      "Dance              int64\n",
      "Energy             int64\n",
      "Acoustic           int64\n",
      "Instrumental       int64\n",
      "Happy              int64\n",
      "Speech             int64\n",
      "Live               int64\n",
      "Loud               int64\n",
      "Key               string\n",
      "Time Signature     int64\n",
      "Camelot           string\n",
      "Playlist Owner    string\n",
      "Time Seconds       int64\n",
      "Genre             object\n",
      "dtype: object\n"
     ]
    }
   ],
   "source": [
    "print(all_songs.dtypes) # Check categorical column types have been converted to string"
   ]
  },
  {
   "attachments": {},
   "cell_type": "markdown",
   "metadata": {},
   "source": [
    "#### Final Dataset"
   ]
  },
  {
   "cell_type": "code",
   "execution_count": 6,
   "metadata": {},
   "outputs": [
    {
     "data": {
      "text/html": [
       "<div>\n",
       "<style scoped>\n",
       "    .dataframe tbody tr th:only-of-type {\n",
       "        vertical-align: middle;\n",
       "    }\n",
       "\n",
       "    .dataframe tbody tr th {\n",
       "        vertical-align: top;\n",
       "    }\n",
       "\n",
       "    .dataframe thead th {\n",
       "        text-align: right;\n",
       "    }\n",
       "</style>\n",
       "<table border=\"1\" class=\"dataframe\">\n",
       "  <thead>\n",
       "    <tr style=\"text-align: right;\">\n",
       "      <th></th>\n",
       "      <th>Song</th>\n",
       "      <th>Artist</th>\n",
       "      <th>Popularity</th>\n",
       "      <th>BPM</th>\n",
       "      <th>Dance</th>\n",
       "      <th>Energy</th>\n",
       "      <th>Acoustic</th>\n",
       "      <th>Instrumental</th>\n",
       "      <th>Happy</th>\n",
       "      <th>Speech</th>\n",
       "      <th>Live</th>\n",
       "      <th>Loud</th>\n",
       "      <th>Key</th>\n",
       "      <th>Time Signature</th>\n",
       "      <th>Camelot</th>\n",
       "      <th>Playlist Owner</th>\n",
       "      <th>Time Seconds</th>\n",
       "      <th>Genre</th>\n",
       "    </tr>\n",
       "  </thead>\n",
       "  <tbody>\n",
       "    <tr>\n",
       "      <th>0</th>\n",
       "      <td>CAN'T SAY</td>\n",
       "      <td>Travis Scott</td>\n",
       "      <td>80</td>\n",
       "      <td>148</td>\n",
       "      <td>70</td>\n",
       "      <td>71</td>\n",
       "      <td>20</td>\n",
       "      <td>0</td>\n",
       "      <td>71</td>\n",
       "      <td>0</td>\n",
       "      <td>10</td>\n",
       "      <td>-5</td>\n",
       "      <td>A#/B♭ Minor</td>\n",
       "      <td>4</td>\n",
       "      <td>3A</td>\n",
       "      <td>Piero</td>\n",
       "      <td>198</td>\n",
       "      <td>Hip Hop</td>\n",
       "    </tr>\n",
       "    <tr>\n",
       "      <th>1</th>\n",
       "      <td>New Gold (feat. Tame Impala and Bootie Brown)</td>\n",
       "      <td>Gorillaz,Tame Impala,Bootie Brown</td>\n",
       "      <td>71</td>\n",
       "      <td>108</td>\n",
       "      <td>70</td>\n",
       "      <td>92</td>\n",
       "      <td>4</td>\n",
       "      <td>5</td>\n",
       "      <td>55</td>\n",
       "      <td>0</td>\n",
       "      <td>10</td>\n",
       "      <td>-4</td>\n",
       "      <td>C♯/D♭ Minor</td>\n",
       "      <td>3</td>\n",
       "      <td>12A</td>\n",
       "      <td>Piero</td>\n",
       "      <td>215</td>\n",
       "      <td>Hip Hop</td>\n",
       "    </tr>\n",
       "    <tr>\n",
       "      <th>2</th>\n",
       "      <td>1AM FREESTYLE</td>\n",
       "      <td>Joji</td>\n",
       "      <td>68</td>\n",
       "      <td>126</td>\n",
       "      <td>62</td>\n",
       "      <td>54</td>\n",
       "      <td>75</td>\n",
       "      <td>0</td>\n",
       "      <td>12</td>\n",
       "      <td>0</td>\n",
       "      <td>10</td>\n",
       "      <td>-6</td>\n",
       "      <td>C Minor</td>\n",
       "      <td>4</td>\n",
       "      <td>5A</td>\n",
       "      <td>Piero</td>\n",
       "      <td>113</td>\n",
       "      <td>Pop</td>\n",
       "    </tr>\n",
       "    <tr>\n",
       "      <th>3</th>\n",
       "      <td>20 Min</td>\n",
       "      <td>Lil Uzi Vert</td>\n",
       "      <td>84</td>\n",
       "      <td>123</td>\n",
       "      <td>77</td>\n",
       "      <td>75</td>\n",
       "      <td>11</td>\n",
       "      <td>0</td>\n",
       "      <td>78</td>\n",
       "      <td>10</td>\n",
       "      <td>10</td>\n",
       "      <td>-4</td>\n",
       "      <td>G#/A♭ Minor</td>\n",
       "      <td>4</td>\n",
       "      <td>1A</td>\n",
       "      <td>Piero</td>\n",
       "      <td>220</td>\n",
       "      <td>Hip Hop</td>\n",
       "    </tr>\n",
       "    <tr>\n",
       "      <th>4</th>\n",
       "      <td>The Less I Know The Better</td>\n",
       "      <td>Tame Impala</td>\n",
       "      <td>88</td>\n",
       "      <td>117</td>\n",
       "      <td>64</td>\n",
       "      <td>74</td>\n",
       "      <td>1</td>\n",
       "      <td>1</td>\n",
       "      <td>79</td>\n",
       "      <td>0</td>\n",
       "      <td>10</td>\n",
       "      <td>-4</td>\n",
       "      <td>E Major</td>\n",
       "      <td>4</td>\n",
       "      <td>12B</td>\n",
       "      <td>Piero</td>\n",
       "      <td>216</td>\n",
       "      <td>Metal</td>\n",
       "    </tr>\n",
       "    <tr>\n",
       "      <th>...</th>\n",
       "      <td>...</td>\n",
       "      <td>...</td>\n",
       "      <td>...</td>\n",
       "      <td>...</td>\n",
       "      <td>...</td>\n",
       "      <td>...</td>\n",
       "      <td>...</td>\n",
       "      <td>...</td>\n",
       "      <td>...</td>\n",
       "      <td>...</td>\n",
       "      <td>...</td>\n",
       "      <td>...</td>\n",
       "      <td>...</td>\n",
       "      <td>...</td>\n",
       "      <td>...</td>\n",
       "      <td>...</td>\n",
       "      <td>...</td>\n",
       "      <td>...</td>\n",
       "    </tr>\n",
       "    <tr>\n",
       "      <th>95</th>\n",
       "      <td>FLASH CASANOVA</td>\n",
       "      <td>Yabujin</td>\n",
       "      <td>53</td>\n",
       "      <td>143</td>\n",
       "      <td>42</td>\n",
       "      <td>72</td>\n",
       "      <td>1</td>\n",
       "      <td>0</td>\n",
       "      <td>41</td>\n",
       "      <td>10</td>\n",
       "      <td>0</td>\n",
       "      <td>-10</td>\n",
       "      <td>C♯/D♭ Major</td>\n",
       "      <td>4</td>\n",
       "      <td>3B</td>\n",
       "      <td>Nirvit</td>\n",
       "      <td>163</td>\n",
       "      <td>Hip Hop</td>\n",
       "    </tr>\n",
       "    <tr>\n",
       "      <th>96</th>\n",
       "      <td>Sinceramente</td>\n",
       "      <td>Sérgio Sampaio</td>\n",
       "      <td>51</td>\n",
       "      <td>92</td>\n",
       "      <td>71</td>\n",
       "      <td>25</td>\n",
       "      <td>94</td>\n",
       "      <td>0</td>\n",
       "      <td>85</td>\n",
       "      <td>0</td>\n",
       "      <td>10</td>\n",
       "      <td>-11</td>\n",
       "      <td>E Minor</td>\n",
       "      <td>4</td>\n",
       "      <td>9A</td>\n",
       "      <td>Nirvit</td>\n",
       "      <td>78</td>\n",
       "      <td>Jazz</td>\n",
       "    </tr>\n",
       "    <tr>\n",
       "      <th>97</th>\n",
       "      <td>24 Hr Drive-Thru</td>\n",
       "      <td>Origami Angel</td>\n",
       "      <td>52</td>\n",
       "      <td>155</td>\n",
       "      <td>57</td>\n",
       "      <td>96</td>\n",
       "      <td>2</td>\n",
       "      <td>0</td>\n",
       "      <td>26</td>\n",
       "      <td>10</td>\n",
       "      <td>30</td>\n",
       "      <td>-4</td>\n",
       "      <td>G#/A♭ Major</td>\n",
       "      <td>4</td>\n",
       "      <td>4B</td>\n",
       "      <td>Nirvit</td>\n",
       "      <td>164</td>\n",
       "      <td>Rock</td>\n",
       "    </tr>\n",
       "    <tr>\n",
       "      <th>98</th>\n",
       "      <td>If I Ain't Got You</td>\n",
       "      <td>Alicia Keys</td>\n",
       "      <td>84</td>\n",
       "      <td>118</td>\n",
       "      <td>61</td>\n",
       "      <td>44</td>\n",
       "      <td>60</td>\n",
       "      <td>0</td>\n",
       "      <td>17</td>\n",
       "      <td>10</td>\n",
       "      <td>10</td>\n",
       "      <td>-9</td>\n",
       "      <td>G Major</td>\n",
       "      <td>3</td>\n",
       "      <td>9B</td>\n",
       "      <td>Nirvit</td>\n",
       "      <td>228</td>\n",
       "      <td>R&amp;B</td>\n",
       "    </tr>\n",
       "    <tr>\n",
       "      <th>99</th>\n",
       "      <td>Solitude</td>\n",
       "      <td>Lord Snow</td>\n",
       "      <td>20</td>\n",
       "      <td>85</td>\n",
       "      <td>16</td>\n",
       "      <td>99</td>\n",
       "      <td>0</td>\n",
       "      <td>9</td>\n",
       "      <td>9</td>\n",
       "      <td>30</td>\n",
       "      <td>40</td>\n",
       "      <td>-5</td>\n",
       "      <td>A Minor</td>\n",
       "      <td>4</td>\n",
       "      <td>8A</td>\n",
       "      <td>Nirvit</td>\n",
       "      <td>312</td>\n",
       "      <td>Metal</td>\n",
       "    </tr>\n",
       "  </tbody>\n",
       "</table>\n",
       "<p>200 rows × 18 columns</p>\n",
       "</div>"
      ],
      "text/plain": [
       "                                             Song  \\\n",
       "0                                       CAN'T SAY   \n",
       "1   New Gold (feat. Tame Impala and Bootie Brown)   \n",
       "2                                   1AM FREESTYLE   \n",
       "3                                          20 Min   \n",
       "4                      The Less I Know The Better   \n",
       "..                                            ...   \n",
       "95                                 FLASH CASANOVA   \n",
       "96                                   Sinceramente   \n",
       "97                               24 Hr Drive-Thru   \n",
       "98                             If I Ain't Got You   \n",
       "99                                       Solitude   \n",
       "\n",
       "                               Artist  Popularity  BPM  Dance  Energy  \\\n",
       "0                        Travis Scott          80  148     70      71   \n",
       "1   Gorillaz,Tame Impala,Bootie Brown          71  108     70      92   \n",
       "2                                Joji          68  126     62      54   \n",
       "3                        Lil Uzi Vert          84  123     77      75   \n",
       "4                         Tame Impala          88  117     64      74   \n",
       "..                                ...         ...  ...    ...     ...   \n",
       "95                            Yabujin          53  143     42      72   \n",
       "96                     Sérgio Sampaio          51   92     71      25   \n",
       "97                      Origami Angel          52  155     57      96   \n",
       "98                        Alicia Keys          84  118     61      44   \n",
       "99                          Lord Snow          20   85     16      99   \n",
       "\n",
       "    Acoustic  Instrumental  Happy  Speech  Live  Loud          Key  \\\n",
       "0         20             0     71       0    10    -5  A#/B♭ Minor   \n",
       "1          4             5     55       0    10    -4  C♯/D♭ Minor   \n",
       "2         75             0     12       0    10    -6      C Minor   \n",
       "3         11             0     78      10    10    -4  G#/A♭ Minor   \n",
       "4          1             1     79       0    10    -4      E Major   \n",
       "..       ...           ...    ...     ...   ...   ...          ...   \n",
       "95         1             0     41      10     0   -10  C♯/D♭ Major   \n",
       "96        94             0     85       0    10   -11      E Minor   \n",
       "97         2             0     26      10    30    -4  G#/A♭ Major   \n",
       "98        60             0     17      10    10    -9      G Major   \n",
       "99         0             9      9      30    40    -5      A Minor   \n",
       "\n",
       "    Time Signature Camelot Playlist Owner  Time Seconds    Genre  \n",
       "0                4      3A          Piero           198  Hip Hop  \n",
       "1                3     12A          Piero           215  Hip Hop  \n",
       "2                4      5A          Piero           113      Pop  \n",
       "3                4      1A          Piero           220  Hip Hop  \n",
       "4                4     12B          Piero           216    Metal  \n",
       "..             ...     ...            ...           ...      ...  \n",
       "95               4      3B         Nirvit           163  Hip Hop  \n",
       "96               4      9A         Nirvit            78     Jazz  \n",
       "97               4      4B         Nirvit           164     Rock  \n",
       "98               3      9B         Nirvit           228      R&B  \n",
       "99               4      8A         Nirvit           312    Metal  \n",
       "\n",
       "[200 rows x 18 columns]"
      ]
     },
     "execution_count": 6,
     "metadata": {},
     "output_type": "execute_result"
    }
   ],
   "source": [
    "# Save dataset as csv file\n",
    "#all_songs.to_csv('all_spotify_songs.csv')\n",
    "\n",
    "# Final dataset\n",
    "all_songs"
   ]
  },
  {
   "attachments": {},
   "cell_type": "markdown",
   "metadata": {},
   "source": [
    "## Exploratory Data Analysis for Feature Selection"
   ]
  },
  {
   "attachments": {},
   "cell_type": "markdown",
   "metadata": {},
   "source": [
    "### Correlation Heatmap"
   ]
  },
  {
   "cell_type": "code",
   "execution_count": 7,
   "metadata": {},
   "outputs": [
    {
     "name": "stderr",
     "output_type": "stream",
     "text": [
      "/var/folders/th/h7c9tz61505fhg7ds00qjhlm0000gn/T/ipykernel_1168/3196471437.py:5: FutureWarning: The default value of numeric_only in DataFrame.corr is deprecated. In a future version, it will default to False. Select only valid columns or specify the value of numeric_only to silence this warning.\n",
      "  correlation_matrix = data.corr()\n"
     ]
    },
    {
     "data": {
      "application/vnd.plotly.v1+json": {
       "config": {
        "plotlyServerURL": "https://plot.ly"
       },
       "data": [
        {
         "colorbar": {
          "title": {
           "text": "Correlation<br>Strength<br>"
          }
         },
         "colorscale": [
          [
           0,
           "rgb(247,252,245)"
          ],
          [
           0.125,
           "rgb(229,245,224)"
          ],
          [
           0.25,
           "rgb(199,233,192)"
          ],
          [
           0.375,
           "rgb(161,217,155)"
          ],
          [
           0.5,
           "rgb(116,196,118)"
          ],
          [
           0.625,
           "rgb(65,171,93)"
          ],
          [
           0.75,
           "rgb(35,139,69)"
          ],
          [
           0.875,
           "rgb(0,109,44)"
          ],
          [
           1,
           "rgb(0,68,27)"
          ]
         ],
         "type": "heatmap",
         "x": [
          "Popularity",
          "BPM",
          "Dance",
          "Energy",
          "Acoustic",
          "Instrumental",
          "Happy",
          "Speech",
          "Live",
          "Loud",
          "Time Signature",
          "Time Seconds"
         ],
         "y": [
          "Popularity",
          "BPM",
          "Dance",
          "Energy",
          "Acoustic",
          "Instrumental",
          "Happy",
          "Speech",
          "Live",
          "Loud",
          "Time Signature",
          "Time Seconds"
         ],
         "z": [
          [
           1,
           0.09684879252433745,
           0.4409409284823122,
           0.19587797150678402,
           -0.3093736675541626,
           -0.3625505190017559,
           0.13873535472432816,
           -0.038615072821155845,
           -0.06048988986265233,
           0.33917476877085867,
           0.08293060892599295,
           -0.08903289818108967
          ],
          [
           0.09684879252433745,
           1,
           -0.046403819912137226,
           0.17601099469288933,
           -0.1986316979326882,
           -0.07912094438894811,
           -0.045240512227209595,
           0.26404157780469417,
           0.03907375548511255,
           0.1152954932958167,
           -0.03989188017362255,
           0.006936614689473379
          ],
          [
           0.4409409284823122,
           -0.046403819912137226,
           1,
           -0.059583642328618444,
           -0.05098581923945456,
           -0.2162870737484552,
           0.4031746500833865,
           -0.15129066730642332,
           -0.20758594214315562,
           0.12500338015046175,
           0.11925214318681455,
           -0.124216479712456
          ],
          [
           0.19587797150678402,
           0.17601099469288933,
           -0.059583642328618444,
           1,
           -0.7322431800437555,
           -0.1773572970649099,
           0.22332603535721587,
           0.19641373512705296,
           0.15207192812515394,
           0.7998623069674243,
           0.10918478006494658,
           0.0797333218206161
          ],
          [
           -0.3093736675541626,
           -0.1986316979326882,
           -0.05098581923945456,
           -0.7322431800437555,
           1,
           0.16082009088852456,
           -0.053329094565156214,
           0.029090243272962973,
           -0.13684642648483697,
           -0.6718260603819098,
           -0.14205784969635227,
           -0.14786096766419998
          ],
          [
           -0.3625505190017559,
           -0.07912094438894811,
           -0.2162870737484552,
           -0.1773572970649099,
           0.16082009088852456,
           1,
           -0.21425780703451702,
           -0.08130552217492487,
           -0.02542651952048111,
           -0.42860399645367475,
           -0.2712471141978241,
           0.05275134784515985
          ],
          [
           0.13873535472432816,
           -0.045240512227209595,
           0.4031746500833865,
           0.22332603535721587,
           -0.053329094565156214,
           -0.21425780703451702,
           1,
           0.08974120876771215,
           -0.18028022227717694,
           0.20256332603080196,
           0.15985599503382109,
           -0.14765555682550605
          ],
          [
           -0.038615072821155845,
           0.26404157780469417,
           -0.15129066730642332,
           0.19641373512705296,
           0.029090243272962973,
           -0.08130552217492487,
           0.08974120876771215,
           1,
           0.11571088594800406,
           0.12263618118920504,
           0.012901515598852345,
           0.02987780444832832
          ],
          [
           -0.06048988986265233,
           0.03907375548511255,
           -0.20758594214315562,
           0.15207192812515394,
           -0.13684642648483697,
           -0.02542651952048111,
           -0.18028022227717694,
           0.11571088594800406,
           1,
           0.12154204391106997,
           0.04459800641490209,
           0.008044624675179048
          ],
          [
           0.33917476877085867,
           0.1152954932958167,
           0.12500338015046175,
           0.7998623069674243,
           -0.6718260603819098,
           -0.42860399645367475,
           0.20256332603080196,
           0.12263618118920504,
           0.12154204391106997,
           1,
           0.1828860312837881,
           0.11186430368873931
          ],
          [
           0.08293060892599295,
           -0.03989188017362255,
           0.11925214318681455,
           0.10918478006494658,
           -0.14205784969635227,
           -0.2712471141978241,
           0.15985599503382109,
           0.012901515598852345,
           0.04459800641490209,
           0.1828860312837881,
           1,
           -0.05555629269387657
          ],
          [
           -0.08903289818108967,
           0.006936614689473379,
           -0.124216479712456,
           0.0797333218206161,
           -0.14786096766419998,
           0.05275134784515985,
           -0.14765555682550605,
           0.02987780444832832,
           0.008044624675179048,
           0.11186430368873931,
           -0.05555629269387657,
           1
          ]
         ]
        }
       ],
       "layout": {
        "annotations": [
         {
          "font": {
           "color": "white"
          },
          "showarrow": false,
          "text": "1.0",
          "x": "Popularity",
          "y": "Popularity"
         },
         {
          "font": {
           "color": "white"
          },
          "showarrow": false,
          "text": "0.1",
          "x": "BPM",
          "y": "Popularity"
         },
         {
          "font": {
           "color": "white"
          },
          "showarrow": false,
          "text": "0.44",
          "x": "Dance",
          "y": "Popularity"
         },
         {
          "font": {
           "color": "white"
          },
          "showarrow": false,
          "text": "0.2",
          "x": "Energy",
          "y": "Popularity"
         },
         {
          "font": {
           "color": "white"
          },
          "showarrow": false,
          "text": "-0.31",
          "x": "Acoustic",
          "y": "Popularity"
         },
         {
          "font": {
           "color": "white"
          },
          "showarrow": false,
          "text": "-0.36",
          "x": "Instrumental",
          "y": "Popularity"
         },
         {
          "font": {
           "color": "white"
          },
          "showarrow": false,
          "text": "0.14",
          "x": "Happy",
          "y": "Popularity"
         },
         {
          "font": {
           "color": "white"
          },
          "showarrow": false,
          "text": "-0.04",
          "x": "Speech",
          "y": "Popularity"
         },
         {
          "font": {
           "color": "white"
          },
          "showarrow": false,
          "text": "-0.06",
          "x": "Live",
          "y": "Popularity"
         },
         {
          "font": {
           "color": "white"
          },
          "showarrow": false,
          "text": "0.34",
          "x": "Loud",
          "y": "Popularity"
         },
         {
          "font": {
           "color": "white"
          },
          "showarrow": false,
          "text": "0.08",
          "x": "Time Signature",
          "y": "Popularity"
         },
         {
          "font": {
           "color": "white"
          },
          "showarrow": false,
          "text": "-0.09",
          "x": "Time Seconds",
          "y": "Popularity"
         },
         {
          "font": {
           "color": "white"
          },
          "showarrow": false,
          "text": "0.1",
          "x": "Popularity",
          "y": "BPM"
         },
         {
          "font": {
           "color": "white"
          },
          "showarrow": false,
          "text": "1.0",
          "x": "BPM",
          "y": "BPM"
         },
         {
          "font": {
           "color": "white"
          },
          "showarrow": false,
          "text": "-0.05",
          "x": "Dance",
          "y": "BPM"
         },
         {
          "font": {
           "color": "white"
          },
          "showarrow": false,
          "text": "0.18",
          "x": "Energy",
          "y": "BPM"
         },
         {
          "font": {
           "color": "white"
          },
          "showarrow": false,
          "text": "-0.2",
          "x": "Acoustic",
          "y": "BPM"
         },
         {
          "font": {
           "color": "white"
          },
          "showarrow": false,
          "text": "-0.08",
          "x": "Instrumental",
          "y": "BPM"
         },
         {
          "font": {
           "color": "white"
          },
          "showarrow": false,
          "text": "-0.05",
          "x": "Happy",
          "y": "BPM"
         },
         {
          "font": {
           "color": "white"
          },
          "showarrow": false,
          "text": "0.26",
          "x": "Speech",
          "y": "BPM"
         },
         {
          "font": {
           "color": "white"
          },
          "showarrow": false,
          "text": "0.04",
          "x": "Live",
          "y": "BPM"
         },
         {
          "font": {
           "color": "white"
          },
          "showarrow": false,
          "text": "0.12",
          "x": "Loud",
          "y": "BPM"
         },
         {
          "font": {
           "color": "white"
          },
          "showarrow": false,
          "text": "-0.04",
          "x": "Time Signature",
          "y": "BPM"
         },
         {
          "font": {
           "color": "white"
          },
          "showarrow": false,
          "text": "0.01",
          "x": "Time Seconds",
          "y": "BPM"
         },
         {
          "font": {
           "color": "white"
          },
          "showarrow": false,
          "text": "0.44",
          "x": "Popularity",
          "y": "Dance"
         },
         {
          "font": {
           "color": "white"
          },
          "showarrow": false,
          "text": "-0.05",
          "x": "BPM",
          "y": "Dance"
         },
         {
          "font": {
           "color": "white"
          },
          "showarrow": false,
          "text": "1.0",
          "x": "Dance",
          "y": "Dance"
         },
         {
          "font": {
           "color": "white"
          },
          "showarrow": false,
          "text": "-0.06",
          "x": "Energy",
          "y": "Dance"
         },
         {
          "font": {
           "color": "white"
          },
          "showarrow": false,
          "text": "-0.05",
          "x": "Acoustic",
          "y": "Dance"
         },
         {
          "font": {
           "color": "white"
          },
          "showarrow": false,
          "text": "-0.22",
          "x": "Instrumental",
          "y": "Dance"
         },
         {
          "font": {
           "color": "white"
          },
          "showarrow": false,
          "text": "0.4",
          "x": "Happy",
          "y": "Dance"
         },
         {
          "font": {
           "color": "white"
          },
          "showarrow": false,
          "text": "-0.15",
          "x": "Speech",
          "y": "Dance"
         },
         {
          "font": {
           "color": "white"
          },
          "showarrow": false,
          "text": "-0.21",
          "x": "Live",
          "y": "Dance"
         },
         {
          "font": {
           "color": "white"
          },
          "showarrow": false,
          "text": "0.13",
          "x": "Loud",
          "y": "Dance"
         },
         {
          "font": {
           "color": "white"
          },
          "showarrow": false,
          "text": "0.12",
          "x": "Time Signature",
          "y": "Dance"
         },
         {
          "font": {
           "color": "white"
          },
          "showarrow": false,
          "text": "-0.12",
          "x": "Time Seconds",
          "y": "Dance"
         },
         {
          "font": {
           "color": "white"
          },
          "showarrow": false,
          "text": "0.2",
          "x": "Popularity",
          "y": "Energy"
         },
         {
          "font": {
           "color": "white"
          },
          "showarrow": false,
          "text": "0.18",
          "x": "BPM",
          "y": "Energy"
         },
         {
          "font": {
           "color": "white"
          },
          "showarrow": false,
          "text": "-0.06",
          "x": "Dance",
          "y": "Energy"
         },
         {
          "font": {
           "color": "white"
          },
          "showarrow": false,
          "text": "1.0",
          "x": "Energy",
          "y": "Energy"
         },
         {
          "font": {
           "color": "#7fc591"
          },
          "showarrow": false,
          "text": "-0.73",
          "x": "Acoustic",
          "y": "Energy"
         },
         {
          "font": {
           "color": "white"
          },
          "showarrow": false,
          "text": "-0.18",
          "x": "Instrumental",
          "y": "Energy"
         },
         {
          "font": {
           "color": "white"
          },
          "showarrow": false,
          "text": "0.22",
          "x": "Happy",
          "y": "Energy"
         },
         {
          "font": {
           "color": "white"
          },
          "showarrow": false,
          "text": "0.2",
          "x": "Speech",
          "y": "Energy"
         },
         {
          "font": {
           "color": "white"
          },
          "showarrow": false,
          "text": "0.15",
          "x": "Live",
          "y": "Energy"
         },
         {
          "font": {
           "color": "white"
          },
          "showarrow": false,
          "text": "0.8",
          "x": "Loud",
          "y": "Energy"
         },
         {
          "font": {
           "color": "white"
          },
          "showarrow": false,
          "text": "0.11",
          "x": "Time Signature",
          "y": "Energy"
         },
         {
          "font": {
           "color": "white"
          },
          "showarrow": false,
